[   1    2    4    8   16   32   64  128  256  512 1024 2048 4096]
NoOfCoin =  20 No of Round 1
Max Coin is 20 per users for this code
Max Coin is 20 per users for this code
Max Coin is 20 per users for this code
Max Coin is 20 per users for this code
[[ 1 21 41 61]
 [ 2 22 42 62]
 [ 3 23 43 63]
 [ 4 24 44 64]
 [ 5 25 45 65]
 [ 6 26 46 66]
 [ 7 27 47 67]
 [ 8 28 48 68]
 [ 9 29 49 69]
 [10 30 50 70]
 [11 31 51 71]
 [12 32 52 72]
 [13 33 53 73]
 [14 34 54 74]
 [15 35 55 75]
 [16 36 56 76]
 [17 37 57 77]
 [18 38 58 78]
 [19 39 59 79]
 [20 40 60 80]]
Coin Mix
[[ 1 41 61 21]
 [42  2 62 22]
 [23  3 43 63]
 [64 24  4 44]
 [ 5 65 25 45]
 [66 46 26  6]
 [ 7 47 67 27]
 [68  8 28 48]
 [69  9 49 29]
 [30 10 50 70]
 [51 71 31 11]
 [32 72 52 12]
 [33 53 73 13]
 [34 14 54 74]
 [15 55 35 75]
 [16 76 56 36]
 [77 57 17 37]
 [18 38 78 58]
 [59 19 39 79]
 [60 80 20 40]]

Mixing done
COinPeruser [20 20 20 20]
User1 2 User1Coin 20 User2 0 User2Coin 20
Both Users enough coin
rand  2 0 User1+2 coin 40
ST
NoOfCoin 7  a1 a2 a3 a4 total 2 4 1 0 7 User1 Coin 20 User2 coin 20
User1 2 User2 0
[ 4 17 20 25 26 28 31 35 39 43 49 50 52 54 56 61 62 67 73 78]
[ 1  5  7 15 16 18 23 30 32 33 34 42 51 59 60 64 66 68 69 77]
[78 20 56 35 26 73 31 50 43 52 49 25  4 61 62 39 54 28 67 17]
[69  1 51 68 16  5 60 15 30 77 32 18 42 34 59 33 66 23  7 64]
Db 9 78 $ 8 158 --> 161 3 Real--> 1 PrevCoinJoinID 8
Db 9 20 $ 8 100 --> 162 3 Real--> 1 PrevCoinJoinID 5
Db 9 69 $ 1 149 --> 163 1 Real--> 3 PrevCoinJoinID 8
Db 9 1 $ 1 81 --> 164 1 Real--> 3 PrevCoinJoinID 5
Db 9 51 $ 2 131 --> 165 1 Real--> 3 PrevCoinJoinID 7
Db 9 68 $ 1 148 --> 166 1 Real--> 3 PrevCoinJoinID 8
Db 9 56 $ 4 136 --> 167 3 Real--> 3 PrevCoinJoinID 7
TxNo 0 User1->User2 11 User1Self 4 User2Self 0
**************************************************************************************
COinPeruser [18 20 22 20]
same user. repeat
same user. repeat
User1 1 User1Coin 20 User2 3 User2Coin 20
Both Users enough coin
rand  1 3 User1+2 coin 40
ST
NoOfCoin 13  a1 a2 a3 a4 total 6 6 1 0 13 User1 Coin 20 User2 coin 20
User1 1 User2 3
[ 2  3  8  9 10 14 19 24 38 41 46 47 53 55 57 65 71 72 76 80]
[ 6 11 12 13 21 22 27 29 36 37 40 44 45 48 58 63 70 74 75 79]
[80  9  2 57  8 72 76 46 24  3 53 10 14 71 55 19 38 41 47 65]
[22 44 13 58 45 11 36 79 12 40  6 27 75 63 21 37 48 74 29 70]
Db 10 80 $ 8 160 --> 168 2 Real--> 4 PrevCoinJoinID 8
Db 10 9 $ 1 89 --> 169 2 Real--> 4 PrevCoinJoinID 5
Db 10 2 $ 1 82 --> 170 2 Real--> 4 PrevCoinJoinID 5
Db 10 57 $ 4 137 --> 171 2 Real--> 4 PrevCoinJoinID 7
Db 10 8 $ 1 88 --> 172 2 Real--> 4 PrevCoinJoinID 5
Db 10 72 $ 2 152 --> 173 2 Real--> 4 PrevCoinJoinID 8
Db 10 22 $ 1 102 --> 174 4 Real--> 2 PrevCoinJoinID 6
Db 10 44 $ 1 124 --> 175 4 Real--> 2 PrevCoinJoinID 7
Db 10 13 $ 2 93 --> 176 4 Real--> 2 PrevCoinJoinID 5
Db 10 58 $ 8 138 --> 177 4 Real--> 2 PrevCoinJoinID 7
Db 10 45 $ 1 125 --> 178 4 Real--> 2 PrevCoinJoinID 7
Db 10 11 $ 2 91 --> 179 4 Real--> 2 PrevCoinJoinID 5
Db 10 76 $ 4 156 --> 180 2 Real--> 2 PrevCoinJoinID 8
TxNo 1 User1->User2 2 User1Self 4 User2Self 0
**************************************************************************************
Complete database Information
[ 1  1  1 -1  1 -1  1 -1 -1  0]
[ 1  2  1 -1  1 -1  1 -1 -1  0]
[ 1  3  1 -1  1 -1  1 -1 -1  0]
[ 1  4  1 -1  1 -1  1 -1 -1  0]
[ 1  5  1 -1  1 -1  1 -1 -1  0]
[ 1  6  1 -1  1 -1  1 -1 -1  0]
[ 1  7  1 -1  1 -1  1 -1 -1  0]
[ 1  8  1 -1  1 -1  1 -1 -1  0]
[ 1  9  1 -1  1 -1  1 -1 -1  0]
[ 1 10  1 -1  1 -1  1 -1 -1  0]
[ 1 11  2 -1  1 -1  1 -1 -1  0]
[ 1 12  2 -1  1 -1  1 -1 -1  0]
[ 1 13  2 -1  1 -1  1 -1 -1  0]
[ 1 14  2 -1  1 -1  1 -1 -1  0]
[ 1 15  4 -1  1 -1  1 -1 -1  0]
[ 1 16  4 -1  1 -1  1 -1 -1  0]
[ 1 17  4 -1  1 -1  1 -1 -1  0]
[ 1 18  8 -1  1 -1  1 -1 -1  0]
[ 1 19  8 -1  1 -1  1 -1 -1  0]
[ 1 20  8 -1  1 -1  1 -1 -1  0]
[ 2 21  1 -1  2 -1  2 -1 -1  0]
[ 2 22  1 -1  2 -1  2 -1 -1  0]
[ 2 23  1 -1  2 -1  2 -1 -1  0]
[ 2 24  1 -1  2 -1  2 -1 -1  0]
[ 2 25  1 -1  2 -1  2 -1 -1  0]
[ 2 26  1 -1  2 -1  2 -1 -1  0]
[ 2 27  1 -1  2 -1  2 -1 -1  0]
[ 2 28  1 -1  2 -1  2 -1 -1  0]
[ 2 29  1 -1  2 -1  2 -1 -1  0]
[ 2 30  1 -1  2 -1  2 -1 -1  0]
[ 2 31  2 -1  2 -1  2 -1 -1  0]
[ 2 32  2 -1  2 -1  2 -1 -1  0]
[ 2 33  2 -1  2 -1  2 -1 -1  0]
[ 2 34  2 -1  2 -1  2 -1 -1  0]
[ 2 35  4 -1  2 -1  2 -1 -1  0]
[ 2 36  4 -1  2 -1  2 -1 -1  0]
[ 2 37  4 -1  2 -1  2 -1 -1  0]
[ 2 38  8 -1  2 -1  2 -1 -1  0]
[ 2 39  8 -1  2 -1  2 -1 -1  0]
[ 2 40  8 -1  2 -1  2 -1 -1  0]
[ 3 41  1 -1  3 -1  3 -1 -1  0]
[ 3 42  1 -1  3 -1  3 -1 -1  0]
[ 3 43  1 -1  3 -1  3 -1 -1  0]
[ 3 44  1 -1  3 -1  3 -1 -1  0]
[ 3 45  1 -1  3 -1  3 -1 -1  0]
[ 3 46  1 -1  3 -1  3 -1 -1  0]
[ 3 47  1 -1  3 -1  3 -1 -1  0]
[ 3 48  1 -1  3 -1  3 -1 -1  0]
[ 3 49  1 -1  3 -1  3 -1 -1  0]
[ 3 50  1 -1  3 -1  3 -1 -1  0]
[ 3 51  2 -1  3 -1  3 -1 -1  0]
[ 3 52  2 -1  3 -1  3 -1 -1  0]
[ 3 53  2 -1  3 -1  3 -1 -1  0]
[ 3 54  2 -1  3 -1  3 -1 -1  0]
[ 3 55  4 -1  3 -1  3 -1 -1  0]
[ 3 56  4 -1  3 -1  3 -1 -1  0]
[ 3 57  4 -1  3 -1  3 -1 -1  0]
[ 3 58  8 -1  3 -1  3 -1 -1  0]
[ 3 59  8 -1  3 -1  3 -1 -1  0]
[ 3 60  8 -1  3 -1  3 -1 -1  0]
[ 4 61  1 -1  4 -1  4 -1 -1  0]
[ 4 62  1 -1  4 -1  4 -1 -1  0]
[ 4 63  1 -1  4 -1  4 -1 -1  0]
[ 4 64  1 -1  4 -1  4 -1 -1  0]
[ 4 65  1 -1  4 -1  4 -1 -1  0]
[ 4 66  1 -1  4 -1  4 -1 -1  0]
[ 4 67  1 -1  4 -1  4 -1 -1  0]
[ 4 68  1 -1  4 -1  4 -1 -1  0]
[ 4 69  1 -1  4 -1  4 -1 -1  0]
[ 4 70  1 -1  4 -1  4 -1 -1  0]
[ 4 71  2 -1  4 -1  4 -1 -1  0]
[ 4 72  2 -1  4 -1  4 -1 -1  0]
[ 4 73  2 -1  4 -1  4 -1 -1  0]
[ 4 74  2 -1  4 -1  4 -1 -1  0]
[ 4 75  4 -1  4 -1  4 -1 -1  0]
[ 4 76  4 -1  4 -1  4 -1 -1  0]
[ 4 77  4 -1  4 -1  4 -1 -1  0]
[ 4 78  8 -1  4 -1  4 -1 -1  0]
[ 4 79  8 -1  4 -1  4 -1 -1  0]
[ 4 80  8 -1  4 -1  4 -1 -1  0]
[ 5  1  1  1 81  1  1  1  0  0]
[ 5  2  1  1 82  1  2  1  0  0]
[ 5  3  1  1 83  1  2  1  0  0]
[ 5  4  1  1 84  1  3  1  0  0]
[ 5  5  1  1 85  1  1  1  0  0]
[ 5  6  1  1 86  1  4  1  0  0]
[ 5  7  1  1 87  1  1  1  0  0]
[ 5  8  1  1 88  1  2  1  0  0]
[ 5  9  1  1 89  1  2  1  0  0]
[ 5 10  1  1 90  1  2  1  0  0]
[ 5 11  2  1 91  1  4  1  0  0]
[ 5 12  2  1 92  1  4  1  0  0]
[ 5 13  2  1 93  1  4  1  0  0]
[ 5 14  2  1 94  1  2  1  0  0]
[ 5 15  4  1 95  1  1  1  0  0]
[ 5 16  4  1 96  1  1  1  0  0]
[ 5 17  4  1 97  1  3  1  0  0]
[ 5 18  8  1 98  1  1  1  0  0]
[ 5 19  8  1 99  1  2  1  0  0]
[  5  20   8   1 100   1   3   1   0   0]
[  6  21   1   2 101   2   4   2   0   0]
[  6  22   1   2 102   2   4   2   0   0]
[  6  23   1   2 103   2   1   2   0   0]
[  6  24   1   2 104   2   2   2   0   0]
[  6  25   1   2 105   2   3   2   0   0]
[  6  26   1   2 106   2   3   2   0   0]
[  6  27   1   2 107   2   4   2   0   0]
[  6  28   1   2 108   2   3   2   0   0]
[  6  29   1   2 109   2   4   2   0   0]
[  6  30   1   2 110   2   1   2   0   0]
[  6  31   2   2 111   2   3   2   0   0]
[  6  32   2   2 112   2   1   2   0   0]
[  6  33   2   2 113   2   1   2   0   0]
[  6  34   2   2 114   2   1   2   0   0]
[  6  35   4   2 115   2   3   2   0   0]
[  6  36   4   2 116   2   4   2   0   0]
[  6  37   4   2 117   2   4   2   0   0]
[  6  38   8   2 118   2   2   2   0   0]
[  6  39   8   2 119   2   3   2   0   0]
[  6  40   8   2 120   2   4   2   0   0]
[  7  41   1   3 121   3   2   3   0   0]
[  7  42   1   3 122   3   1   3   0   0]
[  7  43   1   3 123   3   3   3   0   0]
[  7  44   1   3 124   3   4   3   0   0]
[  7  45   1   3 125   3   4   3   0   0]
[  7  46   1   3 126   3   2   3   0   0]
[  7  47   1   3 127   3   2   3   0   0]
[  7  48   1   3 128   3   4   3   0   0]
[  7  49   1   3 129   3   3   3   0   0]
[  7  50   1   3 130   3   3   3   0   0]
[  7  51   2   3 131   3   1   3   0   0]
[  7  52   2   3 132   3   3   3   0   0]
[  7  53   2   3 133   3   2   3   0   0]
[  7  54   2   3 134   3   3   3   0   0]
[  7  55   4   3 135   3   2   3   0   0]
[  7  56   4   3 136   3   3   3   0   0]
[  7  57   4   3 137   3   2   3   0   0]
[  7  58   8   3 138   3   4   3   0   0]
[  7  59   8   3 139   3   1   3   0   0]
[  7  60   8   3 140   3   1   3   0   0]
[  8  61   1   4 141   4   3   4   0   0]
[  8  62   1   4 142   4   3   4   0   0]
[  8  63   1   4 143   4   4   4   0   0]
[  8  64   1   4 144   4   1   4   0   0]
[  8  65   1   4 145   4   2   4   0   0]
[  8  66   1   4 146   4   1   4   0   0]
[  8  67   1   4 147   4   3   4   0   0]
[  8  68   1   4 148   4   1   4   0   0]
[  8  69   1   4 149   4   1   4   0   0]
[  8  70   1   4 150   4   4   4   0   0]
[  8  71   2   4 151   4   2   4   0   0]
[  8  72   2   4 152   4   2   4   0   0]
[  8  73   2   4 153   4   3   4   0   0]
[  8  74   2   4 154   4   4   4   0   0]
[  8  75   4   4 155   4   4   4   0   0]
[  8  76   4   4 156   4   2   4   0   0]
[  8  77   4   4 157   4   1   4   0   0]
[  8  78   8   4 158   4   3   4   0   0]
[  8  79   8   4 159   4   4   4   0   0]
[  8  80   8   4 160   4   2   4   0   0]
[  9  78   8 158 161   3   1   8   0   0]
[  9  20   8 100 162   3   1   5   0   0]
[  9  69   1 149 163   1   3   8   0   0]
[  9   1   1  81 164   1   3   5   0   0]
[  9  51   2 131 165   1   3   7   0   0]
[  9  68   1 148 166   1   3   8   0   0]
[  9  56   4 136 167   3   3   7   0   0]
[ 10  80   8 160 168   2   4   8   0   0]
[ 10   9   1  89 169   2   4   5   0   0]
[ 10   2   1  82 170   2   4   5   0   0]
[ 10  57   4 137 171   2   4   7   0   0]
[ 10   8   1  88 172   2   4   5   0   0]
[ 10  72   2 152 173   2   4   8   0   0]
[ 10  22   1 102 174   4   2   6   0   0]
[ 10  44   1 124 175   4   2   7   0   0]
[ 10  13   2  93 176   4   2   5   0   0]
[ 10  58   8 138 177   4   2   7   0   0]
[ 10  45   1 125 178   4   2   7   0   0]
[ 10  11   2  91 179   4   2   5   0   0]
[ 10  76   4 156 180   2   2   8   0   0]
[0 0 0 0 0 0 0 0 0 0]

